Month
Last_30_Days
30-Sep-23
30-Aug-23
30-Jul-23
30-Jun-23
30-May-23
30-Apr-23
30-Mar-23
28-Feb-23
30-Jan-23
30-Dec-22
30-Nov-22
30-Oct-22
30-Sep-22
30-Aug-22
30-Jul-22
30-Jun-22
30-May-22
30-Apr-22
30-Mar-22
20-Feb-22
30-Jan-22
30-Dec-21
30-Nov-21
30-Oct-21
30-Sep-21
30-Aug-21
30-Jul-21
30-Jun-21
30-May-21
30-Apr-21
30-Mar-21
20-Feb-21
30-Jan-21
30-Dec-20
30-Nov-20
30-Oct-20
30-Sep-20


Average_Monthly_Players
61,174,668
64,462,242
66,115,120
65,395,767
63,925,481
65,706,117
66,535,144
65,201,442
65,950,211
65,521,480
64,914,487
65,014,545
63,665,014
63,014,545
63,301,146
62,750,449
62,320,225
62,021,146
61,562,016
61,023,770
58,501,155
57,850,014
57,022,656
56,022,479
53,601,142
50,188,791
47,855,016
43,660,144
40,901,446
39,855,016
33,001,475
29,550,149
28,662,104
26,408,972
23,780,543
18,578,549
18,764,258
16,535,456


Monthly_Gain_/_Loss
-3,287,574
-1,652,878
719,353
1,470,286
-1,780,636
-829,028
1,333,702
-748,769
428,731
606,993
-100,058
1,349,531
650,469
-286,601
550,697
430,224
299,079
459,130
538,246
2,522,615
651,141
827,358
1,000,177
2,421,337
3,412,351
2,333,775
4,194,872
2,758,698
1,046,430
6,853,541
3,451,326
888,045
2,253,132
2,628,429
5,201,994
-185,709
2,228,802
16,535,456


Monthly_Gain_/_Loss
-3,287,574
-1,652,878
719,353
1,470,286
-1,780,636
-829,028
1,333,702
-748,769
428,731
606,993
-100,058
1,349,531
650,469
-286,601
550,697
430,224
299,079
459,130
538,246
2,522,615
651,141
827,358
1,000,177
2,421,337
3,412,351
2,333,775
4,194,872
2,758,698
1,046,430
6,853,541
3,451,326
888,045
2,253,132
2,628,429
5,201,994
-185,709
2,228,802
16,535,456


Monthly_Gain_/_Loss
-3,287,574
-1,652,878
719,353
1,470,286
-1,780,636
-829,028
1,333,702
-748,769
428,731
606,993
-100,058
1,349,531
650,469
-286,601
550,697
430,224
299,079
459,130
538,246
2,522,615
651,141
827,358
1,000,177
2,421,337
3,412,351
2,333,775
4,194,872
2,758,698
1,046,430
6,853,541
3,451,326
888,045
2,253,132
2,628,429
5,201,994
-185,709
2,228,802
16,535,456

Monthly_Gain_/_Loss_%
-5.00%
-3.00%
1.00%
1.00%
-3.00%
-1.00%
2.00%
-1.00%
1.00%
1.00%
0.00%
0.00%
0.00%
0.00%
0.00%
0.00%
0.00%
0.00%
0.00%
0.00%
0.00%
0.00%
0.00%
0.00%
0.00%
0.00%
0.00%
0.00%
0.00%
0.00%
0.00%
0.00%
0.00%
0.00%
0.00%
0.00%
0.00%
100.00%


All_Time_Peak
4,078,311
4,297,483
4,407,675
4,359,718
4,261,699
4,380,408
4,435,676
4,346,763
4,396,681
4,368,099
8,655,265
8,668,606
8,488,669
8,401,939
8,440,153
8,366,727
8,309,363
8,269,486
8,208,269
8,136,503
7,800,154
7,713,335
7,603,021
7,469,664
7,146,819
6,691,839
6,380,669
5,821,353
5,453,526
5,314,002
4,400,197
3,940,020
3,821,614
3,521,196
3,170,739
2,477,140
4,065,589
3,380,318
